36699.53
32903.04
58339.24
64066.11
24419.04
41812.68
56014.07
8002.97
1488.11
48.47
81408.69
63824.38
79454.2
51002.08
62414.3
36559.0
39583.79
51464.68
39576.57
12493.32
29463.88
42045.03
17539.24
88995.57
22084.79
41327.57
80942.57
51106.03
22904.53
75861.14
8113.86
25462.6
95415.53
72874.45
67562.65
44190.16
84734.64
58542.41
76345.61
45083.76
19765.66
53061.76
47046.51
84593.37
47847.69
38928.63
1377.73
18620.67
14282.54
14282.33
5056.24
2009.21
89533.42
90857.33
88328.06
9156.12
73655.97
47620.17
9832.61
80880.86
47233.54
16917.72
92950.45
33582.85
49434.54
48314.52
93462.44
41911.66
16314.44
64362.14
72748.84
84700.84
64251.68
37460.06
79012.34
89329.45
1571.4
85975.29
90269.64
30172.05
95810.07
10647.48
42856.18
45274.5
97006.02
17716.02
8342.21
73208.94
31389.78
11375.82
90144.5
28204.5
75599.53
10293.13
30782.3
46795.26
69517.13
98876.16
3313.74
46619.47
